50818
65793
67914
82192
144737
148722
180999
272548
287905
292368
333857
366100
475601
481835
489807
737944
922076
976539
1021023
1165063
1195496
1230719
1386003
1434224
1955377
2060224
2132429
2184495
2305461
2422213
2553705
2654747
2882212
2883621
2895149
2909711
2953500
2992204
3156045
3346368
3459176
3610796
3630046
3857209
3884870
4124965
4746285
4935340
5298769
5299492
5314172
5365234
5407461
5487544
5648063
5682178
5697172
5701903
5772678
5880997
6082988
6188336
6241078
6431478
6502040
6519915
6620817
6767616
6862350
7007566
7311042
7415692
7460006
7521291
7557610
7589847
7609545
7766098
7959915
8024923
8079218
8259303
8266555
8281520
8422264
8570043
8806378
9334825
9773317
9970238
9999532
10061086
10070395
10116502
10160065
10274909
10338073
10365896
10391043
10503752
10888741
11043247
11183834
11270842
11349117
11366378
11443799
11458098
11921988
11989438
12051464
12066982
12111824
12316503
12352537
12442668
12539670
12670610
12844908
12947354
13242297
13301580
13327497
13498822
13516758
13693487
13842499
13862842
14041649
14112864
14164212
14181078
14349880
14473906
14552179
14659456
14771071
14795982
14822123
14870971
14941211
14994903
15154517
15209090
15234677
15267891
15322862
15493349
15496311
15562832
15585343
15662485
15664936
15856713
15888778
15953467
16019611
16033508
16226884
16302690
16351396
16617230
16640207
16710757
16790920
16943723
17031418
17073503
17165176
17404904
17468009
17555661
17687798
17742892
17790821
17801405
17805102
17868662
18020608
18273346
18300898
18505180
18557428
18639533
18987708
19114161
19150395
19152692
19297248
19341261
19350872
19393299
19493712
19546224
19556294
19626406
19686304
19751873
19847412
19863700
20102617
20247436
20296373
20298787
20488256
20537815
20558909
20647817
20917716
20967190
21126013
21288146
21322221
22108406
22134068
22277546
22347000
22428887
22457634
22497017
22634424
23033242
23442425
23686651
23859569
23913245
23970458
23994687
24006365
24341082
24456501
24557901
24638013
24680900
25023846
25271869
25346718
25730540
25788634
25866742
25877342
26070670
26121838
26184916
26227757
26312930
26481021
26535138
26625747
26633485
26675961
26827842
26883308
26920862
26945688
27055754
27127726
27134830
27163852
27190547
27192279
27300280
27346645
27510924
27513155
27539113
27598209
27761299
27833787
27846239
27900499
28199848
28386202
28423357
28540314
28763008
28809909
28943474
28957110
28971991
29194050
29250050
29252368
29256900
29484893
29496205
29566982
29615550
29743791
29844483
29882526
30092975
30097734
30101876
30204526
30371418
30522505
30540706
30563359
30577214
30605302
30709528
30802074
30954614
31227976
31290621
31416720
31573642
31697310
31903646
31914388
31930494
32089292
32147540
32176049
32246456
32275914
32365930
32366968
32558859
32602824
32620501
32837252
32876105
32942789
32974411
32982528
33079712
33350846
33357913
33611607
33807597
33833153
33833899
33916479
34327545
34617075
34641669
34644900
34664059
34750995
34832554
34859405
35078930
35171959
35232827
35239509
35251334
35288182
35458504
35649153
35796799
36021551
36407132
36425594
36445200
36593876
36643451
36715232
36787172
36872766
36910139
37030974
37081978
37118308
37214446
37218736
37220244
37233131
37235400
37237574
37278380
37434563
37596345
37750482
38153991
38157026
38157958
38229821
38283698
38299875
38334173
38352707
38470572
38487472
38519393
38660509
38697767
38787467
39113313
39115802
39350013
39393539
39409310
39419763
39436326
39461687
39474636
39619158
39783291
39972348
40147692
40256660
40708131
40738526
41071797
41083357
41241727
41372956
41531005
41741927
42106634
42361381
42507096
42755020
42765945
42768024
42785068
42923371
43094889
43241288
43242517
43349772
43364752
43538336
43645752
44013917
44039736
44083962
44177852
44338647
44406998
44717592
44829283
44857124
44920921
44925622
45219425
45293025
45379958
45394299
45430538
45666821
45795733
45836692
46119160
46178346
46209839
46233149
46252947
46271920
46402348
46524082
46534959
46535122
46610130
46655683
46663943
46694097
46723333
46866972
46906785
46963353
47179583
47350108
47352645
47620161
47709302
47732650
47756251
47845409
47888603
48089645
48104346
48230915
48299629
48303242
48439778
48441767
48597130
48912503
49086163
49170343
49330292
49339161
49582636
49796233
49835637
49904592
49999057
50194862
50228222
50256074
50370564
50415752
50480056
50703783
50806495
50822188
50829732
51120451
51178708
51408139
51464463
51552706
51596838
51884345
51912112
51953986
51998396
52064941
52086591
52348517
52572621
52615946
52616360
52716977
52767639
52976554
53124347
53200960
53398966
53401280
53557752
53612161
53742350
54276629
54383293
54518783
54581211
54593522
54858316
54880230
55016949
55043177
55092460
55156977
55254084
55321863
55329452
55454535
55514360
55624872
55626351
55628731
55689377
55706980
55790246
55869942
55902366
55910765
56018445
56218055
56764479
56906799
57075926
57098093
57112033
57202164
57266720
57469657
57629826
57712952
57742804
57769929
57824249
57914351
57917017
58016601
58047610
58071446
58294964
58317183
58346723
58468486
58681424
58795809
58890186
59053227
59100427
59182162
59282773
59295246
59350634
59400266
59540828
59552767
59734423
59885076
59948757
60024599
60194731
60269036
60568094
60610660
60729494
60829645
60896749
61007372
61043520
61089602
61184497
61310983
61331580
61334326
61341772
61414673
61455250
61553096
61568856
61588051
61662832
61729050
61821945
61905562
62333859
62391099
62444134
62457019
62530717
62538212
62663784
62676716
62728070
62989235
63102965
63120486
63217542
63326762
63356682
63390532
63476694
63623860
63757464
63996238
63998466
64004685
64037399
64088352
64281659
64335143
64524485
64817860
64875614
64936429
65059106
65137351
65392202
65452398
65479603
65482461
65490553
65520450
65575241
65648782
65711323
65772549
65901951
65947493
66203833
66394166
66460825
66507774
66611371
66619642
66643749
66698537
66709861
66796403
67024566
67050986
67114644
67219671
67285942
67341749
67393785
67571144
67577796
67814583
67829308
67930788
67974387
68362824
68369138
68426278
68633723
68721554
68811612
68876094
69005521
69044876
69397092
69407977
69443639
69478784
69678778
69691019
69718705
69845782
69924632
70101603
70246528
70367298
70392769
70408443
70428162
70461796
70480578
70535475
70584641
70598506
70628513
70642382
70672958
70692722
70854937
70879373
71046254
71099915
71166565
71376695
71399536
71401830
71823053
71864439
71910764
71994526
72002877
72684707
72698699
72813891
72862700
72935633
73294085
73294646
73297974
73554412
73570987
73598736
73605263
73625674
73727709
73757260
73964204
73989133
74047203
74131754
74146676
74154741
74191019
74582067
74712748
74728553
74801386
74863556
74873891
74917400
75085609
75145957
75266955
75305880
75423046
75560032
75649990
75916937
75948235
76111959
76157124
76171289
76224354
76365863
76377099
76387206
76437669
76613192
76619961
76747065
76872521
77012199
77055077
77273244
77276045
77282109
77297631
77322325
77396555
77417462
77478680
77490328
77501511
77532668
77582937
77591759
77738473
77755924
77861135
78090519
78169664
78172141
78289577
78350653
78470946
78548338
78688771
79034116
79052345
79259172
79304601
79431557
79495246
79522055
79620051
79781815
79796668
80164331
80269927
80363574
80488118
80597126
80824652
80846960
80888821
80954847
80990921
81315323
81342674
81755192
81859809
81930186
81935164
81995827
82025355
82100341
82142648
82193997
82625608
82734821
82743938
82788113
82801880
82809050
82839487
82869029
82932573
83065025
83101738
83140241
83150655
83212519
83352026
83404707
83563377
83572799
83634858
83791481
83807283
83896817
83955947
84103255
84147824
84181176
84195590
84280558
84325028
84401050
84407517
84434737
84515412
84657137
84844800
84963306
85057092
85095654
85109460
85128686
85208209
85228385
85322196
85364247
85432445
85445395
85803688
85869121
85882132
85943186
85986195
86043497
86123967
86205171
86272897
86314530
86356933
86388324
86548411
86698134
86782798
86801166
86952141
87067900
87121408
87492377
87514480
87583153
87604181
87604296
87639687
87667987
87772361
87847631
87940000
87960548
88012491
88073888
88084597
88127415
88175893
88183072
88221029
88372687
88463175
88549203
88664568
88965021
89062162
89116464
89447576
89479952
89660353
89689923
89773719
89808717
90089643
90109260
90152742
90321316
90383066
90548224
90600961
90732011
90824589
90912873
90930973
90932332
91230822
91255090
91370942
91378059
91410989
91728359
91781247
91888958
92070283
92172628
92311528
92375235
92403505
92631160
92694104
92762156
92770223
92815843
92836726
92870689
92922253
92946947
92953941
93046403
93300270
93302624
93400827
93505679
93567452
93612139
93739170
93835478
93995013
93998341
94005358
94035924
94038185
94226016
94325073
94454476
94652402
94665567
94692498
94732862
94879527
94902092
95077133
95131069
95134093
95212408
95227595
95282191
95293235
95413286
95589959
95665609
96146927
96345873
96395188
96435171
96799123
96810293
96820241
96985845
97154760
97512140
97524262
97591768
97742554
97905530
97952514
98025407
98145510
98196750
98225885
98314221
98373111
98399353
99060679
99106179
99120626
99400619
99430489
99621721
99929052
100097954
100197927
100349279
100465398
100547016
100591407
100693299
100857406
100914820
101000160
101012032
101020516
101078911
101096585
101140774
101233331
101958572
102086788
102183146
102249989
102269878
102402939
102464642
102721216
102777374
102839750
103059627
103077496
103088900
103130870
103193520
103239143
103567074
103871218
103992124
104053272
104138003
104147340
104208799
104244164
104346247
104388434
104541805
104777473
104813474
104850607
104892291
105010368
105159410
105205193
105236360
105321577
105359321
105412162
105751756
105759490
105775319
105787537
106074725
106086545
106183037
106191358
106516975
106555568
106638490
106671930
106902816
107079177
107114777
107138751
107159746
107170492
107291460
107373279
107715402
107773753
107838355
107842463
107867617
108151704
108266955
108303967
108375394
108439867
108576035
108718453
108832040
108927326
108991579
109087178
109265278
109447009
109503389
109598861
109622218
109630639
109654839
109928128
110045682
110302919
110364406
110382458
110580435
110604512
110646334
110697838
110841274
111434290
111471728
111631625
111757954
111861567
111924599
112007341
112180593
112258022
112293365
112389655
112392378
112489245
112597122
112631714
112660703
112784218
112943852
113138404
113155993
113168073
113217658
113221770
113313063
113328783
113376073
113452071
113476117
113535225
113591484
113980694
114014394
114131837
114172253
114220253
114308058
114333882
114342177
114349468
114603021
114651768
114728592
114755799
114759927
114859657
114870762
114888129
115222467
115239352
115308620
115365161
115438719
115458263
115464885
115482555
115498170
115600286
115612276
115617649
115622070
115634464
115779378
115852889
115897033
116267120
116275272
116286678
116376571
116507487
116580588
116588754
116593548
117018266
117080879
117086761
117091427
117151124
117176561
117241573
117407076
117504859
117695217
117701430
117779453
117985031
118179762
118456823
118651399
118897700
118943779
119228615
119355059
119362160
119368812
119441422
119677171
119716317
119756986
119842601
120018966
120033300
120202314
120385364
120607672
120670209
121100433
121399553
121427380
121523761
121589203
121712987
121968903
122089120
122240844
122280062
122589853
122779213
122864323
122947683
123077148
123339268
123343881
123379437
123584452
123659856
123728497
123776751
124119846
124131485
124367476
124653208
124723376
124762439
124807568
124979413
125031774
125096942
125123382
125133222
125160556
125408299
125451537
125636083
125680840
125752266
125791068
125836414
125933703
126061209
126075324
126117332
126164492
126228830
126313041
126508819
126532599
126536353
126562294
126661719
126774032
126872499
126959515
127159795
127167212
127315861
127378856
127449509
127464849
127583563
127731463
127899774
127913134
127984533
128080794
128095359
128096700
128155042
128242671
128620972
128674500
128717160
128981600
129014688
129033356
129129940
129318822
129324026
129444353
129451159
129479434
129763553
129871640
129930464
130148655
130486661
130608227
130629963
130684052
130818575
130935392
130985985
131086872
131164821
131221083
131299427
131317256
131401586
131741909
131766247
132061912
132089141
132102105
132124904
132129166
132165614
132359838
132368205
132398191
132689575
132850652
132879330
133119142
133121004
133149918
133153354
133184508
133425787
133460495
133516317
133600416
133769246
134016756
134304603
134400294
134847055
134911055
134980457
135003554
135068455
135097150
135100498
135345076
135381827
135491791
135533322
135663867
135820474
135957329
136151062
136163525
136187082
136331462
136373072
136443807
136679244
136684621
136778516
136881222
136953129
136984041
136995191
137059939
137113368
137259778
137264192
137268462
137405789
137511201
137548015
137643695
137693780
137695610
137849734
138134196
138154574
138300618
138360936
138425937
138740720
138754111
138858891
138935564
139107082
139123237
139348432
139389365
139422895
139463663
139632259
139733755
140075121
140103028
140256645
140376071
140414922
140496927
140589375
140693191
140917957
141194403
141327840
141472806
141547060
141572258
141615271
141639836
141642690
141643065
141677903
141709172
141770331
141775691
141879240
141951457
142228976
142376310
142397731
142425588
142436372
142438111
142620055
142772482
142907214
143019638
143319193
143342183
143389114
143545144
144045614
144135968
144315165
144365072
144387756
144517474
144590664
144630580
144631560
144896283
145158127
145164394
145210651
145285507
145674917
145682723
145732794
145742310
145829004
146312912
146384325
146513150
146620726
146646576
146710838
146905479
146968474
147208480
147295202
147318653
147320011
147547118
147573554
147851767
148004232
148091121
148131990
148326890
148395247
148441778
148454629
148511857
148524234
148669989
148711419
148732989
148809444
148921877
149039802
149085446
149086433
149124583
149542715
149580571
149633165
149641720
149653060
149668452
149763912
149801461
149827512
149934936
150154649
150347500
150377029
150560305
150674647
150847923
150875321
151123529
151169978
151355071
151390780
151408826
151420802
151564031
151596699
151690015
151701722
151746975
151790551
151900898
151916052
151989045
152069385
152099557
152119956
152144924
152163619
152167764
152193265
152367342
152406047
152456379
152506962
152741319
152892418
152993164
153016107
153044396
153103299
153213143
153255237
153280042
153452484
153474247
153558855
153789541
153805957
153986432
154007415
154274790
154291093
154529685
154956215
154966198
155233039
155356846
155637009
155738737
155760802
155765568
155800625
155922250
155943655
156112674
156362029
156420618
156443906
156618817
156806665
156990580
157129821
157454003
157455282
157690545
157831673
158265751
158270718
158676434
158713780
158749517
158757206
158792623
158982157
159016689
159081504
159173331
159297060
159446611
159686444
159714216
159820808
159877999
159925608
160306086
160320177
160360819
160524610
161177539
161442951
161544770
161574737
161614821
161763259
161780634
161910664
161983975
162028848
162030309
162239027
162407642
162507219
162517519
162541252
162561653
162578081
162587821
162637941
162667807
162794969
162832308
162836388
162877057
162881382
163366596
163546671
163602189
163632476
163664311
163807070
163834439
164102287
164113687
164162755
164397157
164428740
164679572
164693657
164708180
164842497
164900801
164926105
164990535
165043887
165086875
165098994
165173698
165225926
165287785
165328649
165443350
165466421
165588510
165800911
165876797
165881297
165888444
165899221
165928957
165945833
166327236
166384198
166447619
166528330
166818581
166873279
166901795
166993176
167155651
167202298
167345129
167353810
167431132
167594996
167646216
167673146
167751619
167877182
167928754
168170979
168269772
168310043
168316919
168686739
168696889
168707216
168719659
168721896
168769671
168888364
168999355
169036864
169188367
169191664
169314952
169331591
169471337
169504548
169507295
169538219
169543321
169607173
169723881
169757003
169776358
170179799
170358247
170363465
170365148
170494873
170744354
170778250
171028525
171040665
171045188
171060538
171153163
171277388
171359944
171506739
171585096
171591811
171714842
171819691
171896949
172006380
172176640
172206932
172253638
172295913
172311666
172392103
172465358
172485348
172494988
172504975
172571749
172626363
172663499
172664702
172755017
172909397
172940170
173010871
173045840
173079263
173091294
173258390
173391238
173425705
173448690
173509361
173696533
173743405
173813758
173830596
173856551
173867817
174035423
174229401
174357908
174441546
174463870
174554136
174568275
174791526
174975145
175346914
175567547
175644712
175668269
175709935
175715611
175871398
175906913
175913733
175928548
176056156
176067177
176076146
176150874
176167277
176210929
176385398
176393077
176410021
176520472
176613950
176870737
176894066
176936938
177031070
177037477
177058531
177075643
177106494
177157191
177518900
177548205
177614717
177627836
177674330
177837114
178155345
178253920
178369442
178548972
178625487
178809034
178856722
179122972
179519154
179656144
179738336
179824137
179959428
180020984
180069859
180109854
180233192
180294134
180331408
180336847
180459399
180503139
180526639
180857233
181070310
181085385
181483530
181592093
181696030
182137099
182174800
182358607
182517660
182590461
182680322
182721874
182848739
182929575
182969486
182984633
183034149
183072160
183097168
183168398
183231781
183326505
183354849
183398507
183514364
183622192
183686734
184205920
184242930
184419944
184447689
184616165
184726526
184971584
184999324
185035919
185053801
185205379
185429954
185623960
185727166
185786608
185848821
185927995
185930806
185980011
186063777
186100665
186106064
186135868
186160966
186166164
186463985
186468149
186516680
186544861
186689048
186749839
186832621
186871196
186887667
187022160
187027542
187191877
187194625
187402045
187621414
187626400
187757152
187932774
187943747
187959999
187970842
188043820
188065509
188142104
188446996
188569814
188631502
188717021
188720719
188858521
188968863
189032196
189101660
189293356
189319617
189645027
189746838
189755574
189809285
189916137
189950752
189982932
190011613
190216304
190328124
190404296
190415365
190429211
190767427
190909359
190912857
190958859
191036057
191054504
191264753
191298226
191556441
191624570
191653104
191664008
191664235
191819918
191849050
191949379
191986850
192070152
192348600
192377094
192432248
192448930
192599405
192622556
192636186
192723320
192726895
192937248
192998134
193195272
193425204
193674828
193685625
193732168
193746611
193985938
194047137
194070618
194108678
194322631
194332724
194382702
194432327
194435392
194620189
194824094
194991839
195156680
195189065
195198695
195263959
195364154
195367451
195417680
195554255
195779368
195807937
195874327
195899033
195922978
196015348
196109961
196127429
196156976
196254217
196402671
196652902
196657261
196724789
196770841
196944693
197029939
197069765
197300312
197356129
197392364
197485731
197540183
197540525
197759663
197771512
197889462
197974103
198020012
198023744
198183826
198247066
198501616
198612468
198663657
198777581
199006470
199350244
199394000
199470492
199499465
199677844
199692054
199713356
199742850
199847633
199915709
199918848
199934465
199974690
199986469
200110926
200124417
200131396
200224133
200291635
200469404
200602496
200650805
200686112
200705150
200844331
200895028
201005119
201092050
201174632
201197253
201343663
201362219
201387672
201489771
201734892
201745195
201842375
201863207
201876519
201972604
202010879
202025680
202085516
202161235
202180391
202323907
202362794
202452545
202535214
202623323
202654859
202660582
202680487
202689221
202857429
202864314
202997152
203010932
203090127
203125503
203164869
203182106
203182906
203222223
203365927
203455758
203659806
203780608
203869782
203967898
204096565
204184966
204244288
204438421
204477040
204668142
204692674
205002010
205028258
205120366
205174148
205174776
205242966
205320200
205368280
205400308
205464368
205484317
205749081
205937633
206001139
206021811
206103570
206227509
206301817
206338934
206464764
206517403
206620902
206757783
206871290
206872089
206890970
207082695
207304028
207495145
207684849
207775579
207797399
207818984
207910112
208050687
208052083
208053923
208104100
208302204
208309637
208547008
208634420
208654607
208786736
208798417
208884506
209008427
209053268
209065498
209312449
209398520
209621169
209633319
209673018
209721369
209821242
209969060
210171058
210303801
210336129
210440947
210631287
210670410
210704122
210826076
211037055
211128066
211254782
211441848
211487749
211534308
211652459
211658496
211686716
211707541
211786179
211849400
212036297
212071680
212093768
212201368
212268757
212356288
212386849
212399407
212416437
212457042
212515380
212751356
212766208
212803515
212809913
212811257
212879828
213019365
213150764
213168840
213255234
213259828
213329458
213402306
213454152
213459929
213560957
213561123
213636720
213737774
214083156
214149783
214257965
214465307
214494353
214577022
214633164
214691192
214788386
214967856
214971823
215234585
215251217
215287580
215319079
215362919
215403793
215639602
215655172
215712478
215880758
215898770
216054955
216158914
216193935
216221676
216291083
216433826
216433924
216471563
216532392
216587324
216607983
216688517
216715581
216786993
216834496
216913043
216935611
217215038
217381591
217390538
217419429
217450841
217564533
217638428
217661692
217723582
217836777
217969038
218130247
218383670
218425469
218540325
218629647
218914238
218942164
219006269
219405955
219439873
219503003
219572141
219722157
219796866
219841285
219876406
220547261
220618599
220738265
221004227
221521997
221745474
221829890
221850106
221935396
221936457
221982449
222042048
222272696
222388176
222410360
222437734
222508187
222531513
222559705
222636823
222726568
222787932
222837019
222998718
223122776
223175568
223331237
223474323
223568739
223753476
223838251
223848431
223906367
223921606
223971231
224033828
224040751
224180339
224394866
224410627
224465579
224514020
224804645
224824248
224904351
225010288
225062718
225077088
225192738
225221139
225422184
225426292
225546918
225680112
225753898
225763646
225857829
225995274
226019239
226224730
226272413
226665582
226703402
226727788
226798381
226834208
226846836
227048793
227252812
227292020
227408282
227536503
227637713
227661585
227724344
228020276
228064397
228234564
228392041
228442370
228685702
228743688
228870407
228951941
229069699
229093696
229165896
229186659
229216962
229240237
229408436
229427418
229458631
229544333
229691562
230000403
230108100
230164446
230253802
230502841
230531537
230579175
230584325
230725167
230760113
230860362
230914940
230949856
230976294
231130427
231181583
231229507
231287790
231314897
231404146
231913043
231928912
232271272
232376239
232509290
232569819
232569914
232805799
232816510
232851746
232881941
232956348
232956438
232979698
232989480
233375530
233449012
233451373
233523306
233736449
233756714
234053044
234196610
234210551
234230754
234305053
234307213
234314394
234335530
234358849
234481051
234555845
234684761
234942082
235271944
235290135
235453764
235455330
235652968
235661779
235770704
235963930
235999997
236090132
236244432
236253697
236301663
236316848
236380967
236678065
236769625
236959157
237037220
237052547
237108210
237250170
237591995
237738410
237752399
237795767
237837841
237947515
238015381
238022081
238071486
238164621
238255332
238435708
238573330
238696685
238985687
239235612
239292676
239436102
239709320
239917393
239940086
240097630
240107749
240162174
240229502
240300407
240376582
240562349
240605813
240623399
240709447
240718856
240878187
240879898
240943991
241228734
241325151
241335254
241549595
241556506
241888739
241932083
241963225
242016208
242074497
242082739
242091838
242352206
242619576
242623276
242628208
242724744
242787736
242899374
243024962
243165364
243168661
243288591
243344874
243380778
243591695
243672024
243859187
243971671
244021836
244124420
244274922
244487188
244599624
244681058
244856609
244878866
245060839
245199209
245258306
245330652
245689897
245957414
245958942
246052327
246076751
246111421
246438193
246561601
246752784
247008186
247142295
247212285
247235199
247240232
247360644
247405528
247461047
247482061
247762160
247898628
248025150
248160823
248477330
248551730
248722110
248854044
248945865
249087491
249229289
249268133
249350955
249395134
249441993
249706255
249738017
249758918
249818411
249916607
250167451
250198208
250221758
250579800
250648910
250786087
250880798
250920601
251232231
251261362
251318472
251428783
251576030
251678916
251684198
251694914
251925234
252146659
252419178
252502591
252550526
252554703
252587317
252623574
252670757
252856014
252860611
252905562
252958671
253079558
253119453
253207087
253266581
253277632
253447541
253511097
253523959
253633806
253666506
253674257
253884266
253909990
254001374
254060634
254080567
254290461
254389608
254397433
254488606
254604091
254625582
254641426
254645157
254659517
254688542
255040785
255343378
255371748
255397626
255440227
255485242
255560355
255711617
255738599
255845147
255866595
256152732
256203674
256315952
256435772
256574533
256711739
256979867
256997890
257062595
257110934
257151004
257465567
257514350
257570203
257680691
257941972
258129757
258160347
258250601
258423486
258443726
258479514
258497074
258519642
258534584
258641372
258870573
259080140
259193477
259530450
259639519
259708645
259792550
259880978
260079126
260229931
260245602
260258374
260270546
260305906
260375583
260573719
260605470
260645276
260668763
260670981
260693686
260804730
260886540
261074294
261111217
261127943
261220894
261266659
261345305
261356293
261492457
261519210
261737738
261934716
261998064
261999250
262008358
262094141
262190909
262452922
262625397
262681565
262749243
262787352
262806383
262836277
262913403
263108721
263130829
263328262
263344297
263347660
263362678
263429899
263543892
263594239
263724853
263841858
264068836
264474845
264478929
264555025
264622003
264685158
264742554
264834143
264865766
264974753
265099376
265123377
265189179
265307088
265458697
265664071
265771259
266468566
266496913
266545451
266574960
266607052
266692263
266693615
266790670
266983771
267044946
267208818
267460674
267471959
267484282
267487993
267901478
268007627
268145764
268516538
268670796
268678576
268763566
268942704
268999532
269001724
269008364
269073260
269216629
269273223
269327007
269443601
269460131
269487067
269597651
269738870
269754747
269768398
269876978
270007441
270115385
270154028
270238191
270292789
270315845
270433778
270545011
270590458
270592615
270592740
270917200
270995042
271067534
271130613
271332707
271354702
271423840
271454575
271474501
271630023
271653400
271806375
271939192
272175496
272251443
272329339
272401566
272603055
272755876
272839711
272883787
272930169
273174320
273184065
273314443
273316204
273710621
273766133
273802918
273825316
273910456
274303914
274407386
274466202
274504625
274517349
274613641
274957343
274959963
275043333
275044033
275078146
275340937
275351165
275467204
275488887
275522704
275572348
275659557
275867607
275905628
276140761
276206634
276211607
276239406
276267425
276460569
276620012
276646836
276770231
276944566
277017937
277040791
277079487
277111742
277123449
277231085
277494359
277497988
277699489
277707379
277875068
278037218
278179298
278219223
278392134
278605307
278821904
278874164
278905263
279003726
279015584
279110792
279216209
279285538
279407045
279520189
279620155
279633940
279647410
279773629
279803132
279818067
279899695
280113322
280160825
280195068
280323533
280383113
280570894
280580237
280605829
280690308
280751363
280796649
280815313
280918788
281015690
281080743
281087783
281087939
281150637
281202776
281231889
281346704
281421895
281583888
281602155
281732945
281762130
281898263
281914976
281948681
282003106
282008620
282098087
282197814
282208287
282307702
282416320
282462942
282524640
282687729
282747422
282993560
283106619
283227178
283309910
283358933
283464681
283498049
283520924
283717427
283809154
283963149
284016748
284194327
284248731
284253922
284306363
284506799
284727080
284768867
284924223
285179586
285250796
285253901
285483364
285545339
285585647
285695013
285953838
286008805
286106555
286175359
286270650
286285957
286390288
286561018
286747495
286807057
286902945
286908377
286915861
287104528
287258891
287406053
287461471
287542847
287544412
287566195
287589663
287613135
287673260
287760378
287782691
287925982
287958572
287986481
288005261
288189875
288570933
288679508
288726822
288884630
289301456
289349804
289369037
289758056
289867036
289889341
289958844
289964171
290081062
290233498
290290946
290292395
290367758
290388317
290456301
290497463
290767675
290778822
290875922
291095624
291110033
291125057
291241489
291257961
291431213
291484904
291511203
291516656
291650297
291891085
291926175
292004251
292222397
292227942
292363694
292527114
292550047
292660154
292672094
292707602
292919641
292983294
293110730
293128239
293235083
293483963
293559429
293753210
294057781
294135778
294416308
294438227
294730536
294783769
294802452
294897397
294937819
294938389
295101254
295314571
295627883
295641274
295983842
296162166
296250090
296312801
296337813
296453937
296455831
296579727
296629908
296707814
296770304
297037394
297187054
297299556
297302580
297359353
297523737
297676155
297863569
297932838
297934696
297952333
298063713
298088926
298154552
298316981
298427570
298433093
298678442
299037748
299097036
299353145
299547755
299824467
299961067
299962256
300017366
300031900
300145670
300383983
300557184
300614130
300647602
300694258
300725821
300729894
300932002
301056188
301136312
301277417
301424760
301472532
301582455
301612870
301625416
301626254
301708694
301748383
301883868
301899148
301969029
302206990
302434417
302492783
302628157
302729928
302833130
302855063
302858106
302927430
302949828
303077501
303171400
303206200
303334186
303374062
303463197
303477940
303499352
303574783
303588749
303645973
303646818
303697878
303739285
303863388
304007324
304076145
304167753
304211696
304258624
304273543
304341027
304540007
304651008
304683656
304694604
304805519
304867004
304891067
304935527
305050271
305080515
305136241
305148943
305298665
305376296
305458888
305676871
305775155
305797992
305916275
305971949
306226024
306427951
306722771
306760105
306777335
306794111
306891619
307128367
307143010
307176280
307207517
307287638
307293575
307345955
307371517
307440040
307467586
308020637
308029123
308042664
308132028
308134800
308180591
308213360
308490523
308640298
308824551
308908434
309074514
309098178
309217069
309274391
309276606
309326758
309572170
309687735
309853017
309912237
310129051
310202395
310308990
310543089
310566351
310571873
310588349
310802230
311099045
311122570
311241860
311505289
311547858
311589375
311620625
311625648
311832465
311845033
311857864
311986451
312161504
312178823
312234578
312257355
312297347
312475254
312599776
312665130
312794384
312893483
312974134
313239236
313487866
313567699
313583626
313718514
313750272
313927320
313952277
313975771
313995051
314078190
314335937
314338863
314877565
314890871
315214992
315253019
315292313
315444701
315500173
315559639
315736387
315837836
315869204
315886338
316074969
316168739
316418085
316428612
316466858
316546981
316732254
316834523
316948635
317024707
317034655
317066216
317156369
317510601
317654400
317695961
317704284
317792119
317889030
318111206
318154694
318320767
318653891
318717071
318736124
318825105
318847467
318861986
319195433
319325144
319327819
319434437
319495131
319595373
319705097
319771041
319791863
319809427
319966588
320011430
320013839
320316886
320331592
320353586
320355377
320392918
320832237
320880942
321031074
321049365
321169031
321319540
321385958
321405236
321651486
321667594
321704466
321760935
321773356
321799507
321854812
322004436
322200532
322208953
322288465
322477697
322566902
322576391
322629727
322722972
323140465
323185565
323266174
323355835
323608949
323943295
323975166
323995538
324035546
324075070
324086197
324160529
324268768
324443462
324464875
324531109
324539775
324549873
324603463
324665296
324677068
324847569
324886030
324888408
324985347
325010127
325012920
325230091
325260233
325280359
325287425
325658609
325671581
325673643
325684061
325703721
325730520
326248202
326389066
326403108
326410131
326529759
326561953
326594590
326625005
326808357
326859604
326973751
327162035
327183063
327313530
327377765
327639984
327664253
327810192
327846382
327869255
327996003
328080710
328147986
328196110
328203047
328216601
328270398
328455685
328514650
328543696
328596742
328782542
328877948
328901505
329001879
329040304
329500471
329650790
329668989
329725560
330081281
330217349
330302866
330374418
330374741
330629621
331028194
331255385
331320226
331323513
331375702
331455823
331567874
331568386
331746325
331889525
331987549
332077565
332239912
332362931
332381679
332475679
332500883
332588498
332675559
332696746
332790798
332924112
333048531
333062470
333089465
333138642
333232391
333328391
333338674
333356819
333390140
333628075
333712524
333775799
333861424
333886327
333980520
333990228
334167368
334284644
334874089
334998433
335009337
335026736
335030757
335093287
335156668
335160157
335240631
335289007
335376964
335400565
335459970
335524333
335709933
335712425
335790165
335959502
335993692
336038249
336105332
336155247
336258125
336554971
336615196
336626980
336631254
336686349
336928272
336969476
336985455
337123190
337263396
337281372
337374839
337483842
337592025
337674562
337689794
337705428
337739246
337964051
338019972
338057808
338107027
338140275
338157999
338407822
338447496
338537435
338678530
338682895
338721441
338751538
338825134
338864673
338929009
339005707
339290659
339328305
339427827
339450340
339481711
339517800
339545214
339549721
339576451
339584702
339763106
339766283
339861899
339901487
340119016
340326319
340336068
340347460
340416684
340473107
340550965
340705959
340980866
341089154
341122117
341245583
341411742
341533346
341638002
341638513
341653875
341734310
341828511
341834724
341961614
342073842
342256231
342306075
342306358
342386631
342451744
342523227
342527451
342602083
342687960
342806850
342863573
342908365
342972474
342990341
343014214
343246469
343258363
343305599
343380757
343574825
343669440
343725709
343788520
343872095
343920579
343927713
343970939
344145952
344161126
344218509
344270979
344446625
344509597
344613591
344614734
344990212
345081190
345135014
345159908
345177447
345191542
345378674
345574845
345592667
345763663
345824862
345875905
345891015
345909387
346014718
346027068
346143620
346232825
346241784
346551100
346675872
346824556
346827166
346972342
347073078
347081776
347120816
347279132
347313687
347341236
347355385
347368806
347430861
347488739
347679008
347745365
347768822
347869953
347936023
348016804
348099805
348141364
348181411
348189974
348325452
348350243
348364289
348371271
348422880
348423431
348617715
348737354
348821401
348853129
348904796
349112932
349133634
349144343
349236746
349295748
349297520
349305372
349369514
349607397
349708853
349756972
349810950
349831648
349859725
349927184
350073142
350148954
350412161
350481746
350494759
350512242
350558693
350657571
350778161
350880554
351082154
351116568
351202373
351406728
351433731
351446379
351647501
351724610
351831207
351935394
351962927
352338205
352415281
352500831
352592531
352869041
352934235
353125850
353239530
353305671
353330555
353492901
353873314
354005511
354054223
354319423
354347143
354554540
354570842
354631375
354646819
354891564
355108560
355119157
355190199
355206194
355344735
355374745
355496849
355705740
355709916
355736100
355837529
355852330
356209982
356242342
356376825
356610889
356615960
356662811
356679633
356715499
356722355
356857705
356864700
356964163
357260184
357339524
357361813
357383208
357434970
357806087
357860198
357874332
357880401
358058071
358121333
358145993
358352715
358469270
358546319
358637975
358690442
358892948
358916771
359104878
359291770
359344742
359391610
359431502
359537103
359543489
359573722
359595359
359841411
359895539
359989152
360102533
360207203
360271855
360308761
360349137
360448546
360636900
360885202
361050818
361179164
361235188
361379135
361401487
361419675
361527220
361530102
362104882
362154530
362154569
362163641
362276460
362396369
362436740
362564334
362574651
362576282
362693566
362846903
362882136
362997610
363052932
363065411
363167524
363473836
363552433
363742048
363746340
363931276
363934748
364028354
364107374
364111200
364145858
364827585
364867403
364948434
364952611
364962669
365015422
365148309
365466862
365525275
365526459
365701840
365746122
365775153
365918783
365974106
365985943
366097780
366174666
366347473
366511701
366588811
366647784
366750282
366750910
366814045
366885368
366941521
367744561
367808633
367846538
368078274
368088381
368580915
368583053
368963654
368968836
369227483
369277014
369338869
369476718
369541173
369581812
369678484
369755466
369843300
370119728
370166214
370231613
370262362
370353843
370413035
370432735
370610879
370638825
370741834
370943918
370957655
371069656
371179795
371220679
371553459
371643307
371648136
371659187
371716523
371807896
371895500
371922872
371961176
371980020
372024680
372167750
372306923
372326709
372380053
372384450
372397530
372507671
372632048
372666949
372878762
372884231
372963390
372974292
373157023
373158576
373158911
373186737
373205608
373230029
373338153
373382018
373385159
373474507
373542922
373759903
373782532
373893742
373971412
374209828
374357785
374621040
374680856
374705463
374740959
374797346
374953768
374956157
375145203
375188838
375368887
375383589
375478487
375554482
375566760
375776190
375825262
375924926
376083812
376157132
376167009
376358873
376586210
376641498
376663061
376705096
376729164
376877579
376895713
376899229
376917162
377007908
377297836
377440617
377464547
377600732
377602290
377614108
377620194
377646115
377753739
377822085
377872399
377876797
377912644
377918148
378011084
378022376
378022431
378121425
378146973
378255312
378301459
378351527
378613170
378651099
378684406
378703542
378817387
378934571
379053749
379061438
379103107
379145335
379591773
379635601
379724758
379814343
380037771
380162002
380345278
380422821
380721373
380933092
381121161
381514016
381563437
381612828
381683504
381989855
382030763
382294609
382328608
382419325
382818810
382877151
383178613
383279241
383323538
383599179
384262557
384317034
384411235
384441422
384458121
384513015
384601528
384601925
384664382
385084131
385392873
385438736
385467417
385517101
385709836
385936241
386046579
386098129
386283206
386410783
386540284
386599803
386921275
386932271
386991264
387009363
387173510
387237079
387372699
387404415
387438093
387582011
387641563
387657042
387661366
387726892
387821354
387915171
387953062
388114266
388320405
388321519
388408832
388437337
388443654
388491064
388545785
388555876
388604557
388885471
388972746
388999739
389264377
389445809
389460938
389636974
389648794
389764656
389778591
389834314
389890153
390061427
390139232
390260490
390285488
390495989
390570740
390678158
390777324
390850985
390887501
390949359
391042700
391080313
391113271
391211513
391220370
391326313
391447503
391497412
391565465
391679138
391761895
391790826
392117122
392335144
392354572
392419288
392561288
392594442
392598257
392677185
392685281
392765133
392909605
393041124
393106200
393132825
393513505
393669173
393716263
393935112
394014513
394054385
394070751
394325624
394342218
394378672
394420709
394534044
394558974
394576973
394670540
394786968
394810552
394812865
394860289
394996369
394999837
395203143
395399599
395407879
395421310
395721900
395783623
395792441
395816980
395853265
395900526
395920059
396017545
396029384
396033793
396046745
396087356
396123719
396258917
396266167
396290895
396303639
396483909
396484624
396733857
396913610
396957175
397023546
397037024
397163160
397191451
397356583
397401807
397418866
397465536
397557181
397752606
397797613
397807443
397840114
397996282
397999033
398194208
398298635
398317167
398587322
398740852
398954558
399023573
399131155
399132192
399273446
399280083
399298433
399346491
399835138
399905431
400460419
400550022
400599133
400653493
400654970
400734441
400901387
400947832
401169698
401244246
401361886
401369119
401377689
401511162
401523568
401658565
401725484
401787992
401910502
402045588
402080996
402115410
402237056
402251485
402357513
402477492
402488863
402536019
402587935
402619917
402779070
402819892
402824096
402853133
402926687
403165184
403443641
403457079
403471653
403550103
403611791
403653451
403775749
403812516
403967701
403984424
404001400
404011520
404092413
404102916
404124297
404468267
404596383
404638510
404688441
404737261
404767607
404788422
404908886
405186977
405237306
405541882
405569440
405606007
405643005
405651949
405667757
405672662
405729483
405756246
405865940
405875890
405958026
406058625
406088186
406192724
406201009
406322253
406462138
406479208
406499402
406501815
406624576
406629380
406702483
406733771
407062250
407074006
407096323
407404047
407635683
407671634
407803118
407905132
407942246
407990773
408225462
408274559
408350638
408364959
408467381
408518188
408560105
408727481
408767460
408946606
408958294
409079787
409409892
409418093
409548174
409557280
409625331
409642424
409935194
410048940
410211515
410328714
410772595
410786289
410808564
410815060
410875037
411069738
411108127
411205259
411262082
411318018
411426328
411524959
411613653
411877068
412011539
412122267
412347478
412812506
412820569
412959340
413002308
413127425
413230194
413252173
413305857
413355556
413505528
413584531
413907212
413916414
414225602
414273975
414346367
414516234
414532270
414607139
414646804
414651773
414662021
414678367
414817847
414927436
414974647
414976462
415074192
415093104
415112913
415210200
415234946
415252729
415294390
415295930
415345071
415356650
415360155
415428434
415594322
415841128
415880817
416026654
416031892
416214518
416237259
416325902
416343113
416649555
416652855
416803561
417338897
417352006
417379725
417400127
417466049
417491384
417849542
417914244
418049689
418184264
418227641
418421463
418490661
418579993
418857395
419070437
419093117
419094870
419126491
419402017
419885144
419919682
420220553
420285463
420476828
420612778
420705538
420755518
420808559
420891916
421285115
421398626
421419475
421438657
421497381
421531644
421535264
421631272
421708946
421806298
421930530
422159411
422353298
422379004
422447024
422480435
422554343
422681727
422763903
423247083
423321025
423398503
423446023
423461755
423640962
423669175
423749542
423831244
424135721
424327067
424496649
424536370
424575704
424599509
424602754
424761446
424793841
425212799
425333870
425535343
425613341
425782029
425821927
426279618
426476445
426657314
426662452
426663763
426688509
426934668
426961127
427000157
427040690
427211147
427229991
427238275
427393687
427424982
427489777
427492910
427539573
427799381
427861702
427888471
427956163
427997764
428246256
428324508
428327381
428367779
428492656
428527753
428611531
429181427
429194729
429211037
429309280
429698428
429734202
429839829
429876612
429974816
430313839
430334268
430360550
430676631
430682924
430740331
430849647
430877585
430944006
431019392
431150204
431161079
431165300
431203338
431268498
431393396
431515504
431552972
431618117
431744841
431826808
431930647
432199838
432272399
432280171
432290222
432621881
432759910
432777156
433029920
433119515
433432463
433437966
433617486
433635245
433673064
433862483
433983806
434073342
434307743
434600213
434734245
434773978
435000073
435099017
435198679
435458342
435847841
435872527
435938707
435958735
435968814
436070890
436099570
436117157
436302587
436314204
436380695
436448026
436501106
436507797
436511187
436564840
436585604
436942532
437135860
437208274
437237236
437347781
437504248
437656172
437685780
437713741
437764107
437849395
437902866
438006442
438079769
438093319
438264967
438429753
438443349
438471138
438501580
438662825
438747512
438748150
438780862
438796294
438799748
438854450
438995482
438995660
439017423
439100587
439434261
439615160
439699001
439735344
439938972
440093473
440197336
440330796
440387172
440398778
440417419
440522297
440534864
441025757
441044021
441154343
441323376
441356389
441569110
441681364
441699416
441868025
441926316
442000545
442035667
442080895
442377891
442723150
442861897
442903506
443162387
443350844
443446154
443481257
443505905
443535891
443613143
443638321
443668807
443870505
444210937
444417608
444490791
444630103
444772440
444778291
444810289
444881532
444886063
445041813
445057438
445096422
445290808
445306578
445345183
445345669
445429234
445438204
445446603
445450590
445453060
445467471
445519077
445539614
445621009
445897590
445942969
446137179
446158789
446358403
446359701
446606770
446631294
446635383
446683248
446779647
446863772
446878851
446890328
446905707
447057903
447104258
447171134
447219804
447361947
447416798
447491856
447607303
447682804
447973016
448004212
448135735
448224526
448290513
448389509
448524862
448700865
448804864
448970537
449006460
449028016
449092933
449382153
449495318
449706443
449803301
450051396
450109487
450120166
450158521
450293106
450398158
450489974
450497202
450514868
450554057
450600519
450643844
450783261
450918734
451093256
451126642
451284480
451290767
451332795
451356149
451503144
451555663
451588030
451608394
451620368
451637591
451735756
451828969
451902131
451923231
451943332
451992137
452071112
452182632
452189292
452195719
452259441
452270600
452324215
452452049
452565502
452684250
452758011
452901667
452963000
452986247
453011821
453143538
453173724
453228975
453271895
453364289
453564369
453596568
453609398
453761667
453796591
453833719
453886307
453900471
453908898
453942248
454087600
454168822
454181589
454195074
454411710
454442140
454560523
454564381
454608235
454628926
454733292
454741223
454799959
454972829
455056709
455249877
455442246
455479727
455554460
455698882
455824196
455882844
455924699
456103783
456164912
456229403
456261313
456332449
456458781
456477197
456506517
456720874
456879924
456914241
456966406
457012743
457145339
457174757
457181485
457254756
457345169
457426113
457525127
457538367
457797533
457851493
457946907
458068768
458218934
458277437
458314374
458363041
458496411
458612844
458621757
458648986
458966766
458998101
459022381
459024771
459180445
459183823
459533880
459775234
459927213
459968219
459982787
460163493
460534099
460539691
460541064
460561371
460668846
460708271
460709921
460760226
460773463
460926396
461008122
461034374
461063876
461134413
461208810
461212667
461260399
461304627
461377849
461449485
461618449
461628016
461708583
461921554
462102782
462281136
462384219
462494166
462502965
462551466
462829463
462850990
462938068
462938351
463081661
463166030
463402003
463459278
463637573
463948098
463949574
464056445
464201760
464280416
464288767
464333660
464362659
464391408
464569808
464767330
464839689
464854311
465342854
465348874
465531376
465578467
465649923
465752136
465760439
465781963
466004041
466068365
466075225
466150814
466174365
466175672
466202013
466222631
466293354
466397239
466457437
466599535
466624776
466770153
466772836
466826645
466933963
467049769
467060542
467129917
467358935
467540449
467606215
467950864
468211014
468261004
468262996
468409328
468492229
468535399
468593820
468668115
468673349
468686309
468815536
468825306
468896224
468988044
469021977
469081243
469105814
469127562
469196429
469202845
469292566
469311145
469409167
469550970
469599183
469621170
469624573
469649060
469666204
469694063
469744564
469912497
469941071
469973113
469977101
470084037
470142159
470215961
470284891
470318097
470641354
470759028
470983801
470996157
471114043
471205291
471222981
471229172
471375194
471395405
471424226
471547018
471616772
471704240
471893148
472039731
472040985
472120313
472123861
472213371
472266392
472396638
472561424
472890673
472906946
472940447
473056335
473140712
473234618
473238798
473259864
473398175
473438911
473525330
473733265
473818088
473937603
473945942
473988497
474048184
474051760
474084377
474151764
474309490
474418370
474451634
474771992
474783132
474863156
474876949
474912556
474948367
475020150
475565649
475718711
475793154
475882089
475915997
475917819
475928414
476110442
476127944
476182524
476221281
476253808
476493355
476505692
476505920
476574861
476670262
476834328
476922666
476966268
476985820
476989565
477022827
477098916
477169430
477342645
477344071
477355140
477397173
477400966
477419475
477443610
477593897
477595400
477621564
477662910
477753970
477770446
477869917
477901063
478116096
478129018
478247834
478265525
478303453
478352919
478402099
478411530
478522053
478768396
478923800
478924951
479027971
479149758
479412270
479447820
479568651
479664610
479698803
479717066
479783955
479857833
479872451
479963718
480090422
480162696
480182382
480210636
480239803
480293538
480320658
480351975
480465835
480617257
480624761
480727032
480840237
480853785
480890481
481057669
481154403
481215852
481226319
481236289
481327578
481627488
481650991
481862308
481960053
481989567
482002927
482138324
482239668
482344785
482494172
482565225
482612342
482713391
482791485
483050144
483143569
483358311
483405702
483542019
483552046
483563223
483655104
483974489
484041122
484197264
484260235
484267993
484292469
484566421
484569357
484614809
484748800
484785286
484857089
484885507
484927849
484946861
484964337
485065911
485325510
485651575
485756919
485822782
486105529
486316619
486353567
486415553
486468695
486788747
486873019
486891178
486944875
486969248
487184280
487314823
487333568
487402270
487772757
487814256
487959695
488011782
488195562
488301975
488414721
488547349
488577753
488663631
488876236
488991752
489117946
489142034
489237900
489289473
489325365
489558417
489567351
489691184
489831823
489852856
489874144
489892130
489918030
489929456
490033594
490147984
490240422
490446814
490940475
491273531
491339604
491356336
491360475
491405401
491487632
491528683
491642955
491735324
491875520
492052029
492061153
492158790
492192206
492248386
492430064
492478158
492560899
492586666
492626112
492652715
492735773
492837785
492871181
492957393
493025542
493045576
493073107
493078778
493103852
493104286
493133199
493209002
493309294
493431613
493481057
493584040
493651774
493668519
493736283
493742451
493743705
493815017
493845718
493987940
494036224
494219847
494360285
494420257
494441896
494509595
494703983
494871703
494977872
495137606
495342560
495467655
495532856
495559852
495614931
495831882
495863906
496014825
496035413
496050776
496069418
496106209
496138398
496360840
496375584
496418781
496439709
496669221
496828702
496850469
496852456
496960115
497081470
497217988
497372097
497443812
497637130
497713115
497834767
498128509
498133282
498161290
498218519
498219521
498387923
498517512
498544035
498568942
498602122
498666917
498801627
498970726
499007992
499011392
499032600
499088319
499129452
499413679
499554961
499772189
499819406
499905306
499960440
500008588
500053541
500068894
500111922
500199391
500233975
500259315
500455251
500479082
500490472
500927768
501010733
501231364
501277598
501309835
501562367
501562543
501647944
501672823
502005976
502373645
502448580
502542701
502752467
502814511
502957415
502965736
503057237
503078399
503156171
503164315
503182877
503245676
503501620
503545481
503664532
503710184
503712036
503757430
503768981
503920817
503992588
504011066
504613140
504756933
504822140
504826308
504876726
504935017
505067335
505140291
505190260
505354471
505377670
505435244
505473163
505539383
505752632
505798636
505849117
505954262
506012415
506079814
506100556
506147939
506201586
506476409
506485358
506520134
506549978
506592693
506620946
506731759
506798109
506955623
507021617
507022828
507162044
507392127
507428925
507667559
507960944
508153998
508352230
508531695
508550191
508553505
508598461
508648557
508675800
508920220
509245974
509501989
509703044
509741826
509770235
509885281
510058115
510129153
510403098
510976848
511109856
511202910
511397162
511430432
511479556
511510723
511524080
511585285
511605187
511615254
511622101
511727870
511816723
511973646
511985996
512028827
512186880
512538904
512613257
512678025
512705667
512751917
512919598
512969684
512979100
512994103
513020523
513021859
513549671
513570903
513922301
513961046
513984755
514224030
514296477
514343912
514566002
514703579
514895274
514942689
515010976
515072179
515091071
515153114
515320386
515432626
515608685
515609585
515709260
516197773
516247688
516252104
516477999
516484948
516493146
516513929
516598385
516600468
516635223
516794742
516954710
517187608
517294640
517311395
517381109
517426852
517432939
517735097
518070329
518186363
518262214
518264761
518314644
518578947
518753346
518794457
519335012
519373414
519435500
519450348
519471594
519484454
519761304
519764035
519788367
519903073
520055170
520296858
520425969
520594006
520631662
520694647
520797310
521161588
521177096
521290063
521343588
521463866
521482206
521506043
521602717
521613794
521704434
521898377
521925495
522021824
522029229
522076442
522428000
522705126
522872840
522895362
523042732
523330297
523408713
523447620
523584590
523664956
523722501
523736531
523872660
524084695
524187351
524187613
524315235
524462209
524570331
524699125
524776861
524778657
524890644
524945300
524999072
525143269
525144946
525163671
525214033
525240490
525587638
525705302
525715367
525749477
525781515
525786555
526044033
526185762
526300965
526360984
526377113
526398936
526660629
526768446
526774004
526778249
526853312
526954911
526999698
527010261
527091730
527199419
527309361
527533563
527555701
527936853
527996809
528131980
528211327
528337694
528814041
529156964
529241049
529467813
529484098
529557832
529604029
529666709
529727128
529738717
529748311
529798895
529894883
530136218
530143814
530159679
530247883
530334090
530792069
530800223
530853223
530915703
531028417
531307919
531340436
531457774
531543894
531636750
531656084
531671600
531819162
531890289
532093298
532100231
532176016
532326267
532535048
532602963
532679124
532715999
532812146
533046303
533136164
533379669
533437602
533866584
533887556
533936440
533975081
534218985
534276532
534417468
534422135
534426680
534488800
534493604
534551175
534622555
534642645
534668283
534762361
535387424
535447306
535552437
535669363
535695622
535956393
536038304
536054217
536106132
536191676
536511932
536649830
536920642
536940460
536978607
537070591
537144904
537183347
537226376
537254074
537272379
537377407
537604653
537701799
537782860
537926596
537945148
537949836
538186981
538190529
538625624
538701083
538890707
538958010
539106539
539158702
539566561
539570947
539767119
539812184
539935540
540004020
540066752
540406578
540419697
540447115
540558379
540652730
540709326
540770747
540928121
540939355
540955877
541076806
541117284
541286916
541353944
541504923
541597388
541686713
541719617
541740447
542084274
542089609
542284459
542461020
542622717
542786066
542951994
543146988
543172358
543400167
543580570
543582089
543711990
543863497
543872504
544008086
544106565
544153794
544337283
544379213
544470662
544471937
544505474
544596777
544779496
545089125
545251532
545370889
545439206
545608126
545617297
545622173
545627019
545688482
545790403
545819544
545882262
546139388
546234604
546291552
546438169
546530468
546594703
546651373
546742606
546824301
546943367
546948757
547017224
547073894
547122517
547134044
547159617
547546612
547576070
547619338
547656800
547690264
547736082
547805409
547967657
547989554
547999312
548003695
548226448
548427197
548451424
548514566
548520400
548776762
548843289
548912388
548965205
548984914
549253109
549394418
549396736
549401393
549707127
549716829
549733206
549797512
549853067
549968109
550184879
550323040
550382097
550454135
550496550
550679963
550994217
551145853
551257977
551348495
551374218
551759292
551857828
551906840
551995799
552065886
552304043
552311284
552483283
552570968
552611276
552741667
552798266
552810765
552811314
552907169
552935546
552964776
553000283
553061438
553076925
553444267
553619703
553669022
553697425
553723674
553753713
553876757
553967894
554104744
554144799
554277407
554424035
554440189
554486953
554607920
554679520
554694665
554696660
554737742
554815220
554854806
554929877
554977903
555110986
555311277
555454312
555487251
555516694
555586228
555667104
555695839
555786391
555792496
555837875
555957337
555977141
556043673
556371811
556422684
556528745
556578785
556777812
556806422
556848811
556865727
557073253
557384734
557393204
557404163
557448667
557560005
557737848
557931065
558022837
558122494
558188922
558213053
558290144
558340099
558355353
558380730
558407803
558758459
558783909
558811837
559088021
559137686
559208949
559315908
559364251
559498569
559533290
559562414
559845184
559884276
559910704
559914935
559933831
560385751
560512570
560563274
560573361
560638771
560785281
561081356
561108767
561150786
561405575
561440691
561839566
561919704
561930191
562291440
562366900
562692033
562764556
562813627
562862146
562981838
562990726
562996785
563157353
563310290
563403499
563474870
563494717
563533717
563602050
563902300
563930140
564056416
564089313
564117021
564126213
564136313
564148985
564159391
564233106
564260769
564280569
564306273
564568811
564582815
564589962
564740005
564864829
564929990
565143606
565232643
565341549
565451389
565575365
565653918
565674685
565759383
565944844
565954587
565983719
565987151
565997937
566076901
566117490
566187425
566219946
566329464
566409197
566422552
566449740
566514000
566579982
566668299
566697369
566943252
567231519
567240653
567350064
567362708
567442106
567526257
567541210
567647823
567844976
567867121
568062629
568119947
568129134
568202585
568398771
568655737
568673524
568717201
568890353
568988472
569298810
569403856
569438121
569444590
569618480
569631191
569737251
569834097
569948515
570049859
570068591
570123388
570186678
570212302
570250257
570403730
570473342
570553561
570711385
570837702
570901093
570980036
571061573
571073566
571209348
571371838
571436104
571659325
571936292
572076979
572303813
572609148
572682420
572686382
572849171
572961963
572962399
573053518
573168440
573206100
573211731
573289468
573412577
573416849
573476649
573577158
573703413
573726129
573742719
573757072
573790160
573850669
573928033
573948396
573979117
574100158
574142222
574216542
574367250
574458834
574628366
575169840
575211373
575382716
575394492
575455250
575489249
575845183
575860960
576394138
576407374
576499929
576624263
576693014
576709196
576736606
576770431
576795888
576899391
576952590
576979063
577004518
577180800
577489671
577669531
577864236
577888585
577985183
578225699
578693305
578768116
578788630
578844279
579014053
579051215
579081501
579237317
579627236
579793490
579889250
579907399
579938520
580137808
580354906
580362291
580443561
580518891
580531446
580843879
580869201
580951810
580952459
581073966
581202208
581264079
581330619
581382487
581802221
581821278
581896639
581915329
581920519
582544562
582580637
582680725
582735593
582781019
582787508
582951846
582973787
582976843
583120390
583126527
583196061
583246713
583251603
583910297
583930141
584067016
584093309
584107891
584173576
584283609
584350584
584424891
584451616
584506302
584544068
584619610
584656157
584743077
584860330
584962578
585124186
585214053
585276356
585557009
585561256
585706275
585893201
586019817
586137176
586616878
586739681
586751621
586805641
586851326
587068298
587122458
587131418
587148949
587266630
587634544
587739246
587764637
587806567
587890844
587973959
588185206
588354737
588391526
588439047
588482708
588540150
588780010
588807487
588859134
588922118
588942805
589050811
589152409
589438590
589482809
589524626
589554648
589820760
589919820
589934893
590050793
590104850
590145067
590252644
590255929
590421666
590494613
590628741
590694072
590694291
590706631
590861192
590876532
590911310
590979299
591093178
591213866
591324435
591476155
591481272
591577148
591587940
591721981
591733360
591749530
591750522
591836756
591898534
592161484
592200056
592290281
592336755
592468472
592997824
593038328
593216094
593522509
593589390
593603296
593613785
593770854
593811152
593894412
593960159
594113576
594145529
594311628
594447364
594470137
594483081
594656130
594656193
594760902
594904370
594932757
594944655
594981114
594997055
595104253
595181957
595203640
595232034
595277301
595304337
595431038
595459935
595470832
595514972
595532905
595561910
595716546
595841297
595916653
595992289
596168587
596317968
596485959
596557189
596563342
596572684
596592986
596641154
596876901
596930869
597057335
597087145
597109151
597206291
597372996
597455831
597483300
597835592
597860381
597890311
598380376
598490974
598587580
598720237
598959283
599007226
599038793
599598830
599607539
599639257
599682911
599842532
599895373
600038848
600163194
600286341
600290050
600296987
600338638
600463129
600473486
600491650
600542209
600565679
600576949
600687396
600693525
600766264
600964139
601034157
601061451
601197674
601734410
601869186
601986554
602107334
602283530
602313380
602344460
602456291
602675929
602721057
602826948
602854096
602914277
602926800
603071854
603419022
603448317
603512791
603576563
603587792
603811933
603939169
604008465
604337983
604381504
604416876
604757835
604918430
605066151
605567665
605621833
605709744
605775568
605959107
605996572
606009789
606185366
606265339
606298369
606540316
606576688
606648767
606709902
606719590
606789220
606909613
606997907
607089054
607136428
607142323
607281196
607290903
607308040
607351154
607438746
607512288
607529585
607550047
607653468
607957189
608016518
608051318
608102339
608105921
608187460
608492608
608544493
608687200
608724684
608772654
608861487
608918730
608968176
609031689
609144676
609200385
609431182
609511249
609538613
609692455
609755001
609866066
609906068
609909403
609965209
610259202
610307776
610357148
610373455
610387887
610486889
610612174
610687545
610808035
611013941
611180550
611295688
611358516
611362135
611493488
611682610
611825628
612032767
612039053
612055884
612327566
612408908
612577269
612604625
612699402
612846477
612997660
613005741
613020766
613033979
613044908
613050882
613059452
613239704
613438114
613445398
613461950
613470888
613623092
613641106
613809860
614032453
614270264
614320516
614354840
614404985
614460435
614508993
614670686
614744189
614756364
614795567
614855255
614939055
615002161
615014057
615035380
615146412
615178310
615197713
615256448
615265357
615347622
615360116
615411028
615436213
615457258
615485940
615531931
615555457
615678327
615689597
615701901
615882938
615883761
615986680
616050234
616275255
616670454
616675413
616764191
616921881
616944625
617060492
617101579
617414762
617508912
617517997
617655623
617707148
617738603
617813124
618019629
618068202
618088674
618290183
618311088
618364849
618403847
618413324
618494027
618512150
618674549
618878520
618939036
619123116
619409612
619693563
619988005
620193517
620279156
620310437
620500003
620687219
620799547
621048603
621147312
621563605
621672452
621686216
621904412
621930319
621950112
622070919
622223575
622313391
622398487
622490159
622583351
622625795
622695868
622708657
622712535
622874647
623110205
623171547
623300938
623339186
623359217
623377471
623609335
623873267
624019054
624035165
624040704
624171990
624204343
624319801
624348803
624551617
624929757
624933893
624941758
624984276
625010353
625104530
625117306
625450849
625507185
625617997
625691982
625758815
625776613
625788750
625865665
625931226
625951621
626008992
626019676
626441868
626504165
626548543
626557602
626703480
626705504
626739480
626866955
626960654
627218895
627221456
627349840
627372968
627385007
627441484
627520957
627560092
627580573
627584083
627683624
627956382
628037440
628121898
628140854
628205526
628285590
628429823
628660785
629074897
629193754
629240688
629283881
629324261
629449112
629648621
629697944
629745889
629822555
629960849
630286991
630376110
630391943
630392000
630445511
630534454
630565579
630695701
630878521
630953622
631011031
631143247
631223895
631239873
631340373
631399480
631447813
631506813
631616632
631697940
631841094
631923119
631948923
632029418
632127382
632178931
632216989
632222314
632269217
632288989
632317786
632395366
632563178
632684545
632699184
632793021
632845919
633125219
633240288
633466157
633467513
633470735
633788898
633791293
633965375
634088201
634115901
634136163
634190191
634327811
634422560
634658138
634710285
634852680
634877583
634900510
634907948
634958092
635066817
635077024
635119626
635570153
635741505
635804750
635835709
635931078
635945869
636281892
636299000
636636987
636698280
636897185
636951325
637089398
637274530
637427056
637836286
637849419
637925105
638139287
638282878
638320855
638582949
638713517
638780652
638918316
639087868
639294945
639386057
639530997
639673139
639723562
639736299
639739435
639783272
639825705
639883511
640294301
640372818
640423758
640429136
640482459
640738852
640758810
640798156
640809828
641335619
641357959
641414193
641415943
641652354
641768580
641987686
642190552
642208770
642291206
642397066
642403126
642454626
642485794
642686282
642947398
643365496
643454247
643457466
643654564
643663282
643699900
643803357
644023829
644191003
644291595
644353328
644507288
644605882
644751095
644876622
644942243
645014461
645164287
645169880
645224792
645301815
645333979
645512609
645576506
645610412
645625945
645630851
645649611
645757196
645885288
645988357
646057524
646087838
646190200
646220922
646387319
646461862
646494678
646536878
646726967
646788405
646806322
646864195
646910084
647029191
647264057
647329729
647368604
647384253
647439930
647471810
647472602
647564910
647754534
647772435
647820535
647869652
648038977
648099672
648411181
648462256
648568649
648572551
648709453
648873086
648897790
648925161
648925498
649013517
649083478
649146146
649208628
649280507
649297785
649327732
649556779
649573740
649610861
649675403
649710545
649844636
649847666
649852355
649904449
649921588
649975318
650001182
650041458
650046443
650066554
650492295
650496034
650704088
650747762
650855006
650856165
650918552
651118621
651140376
651210193
651295735
651430883
651440387
651526193
651601349
651706316
651746528
651810275
651956015
651981276
652049600
652100667
652170770
652214569
652242464
652325586
652340665
652445715
652521792
652723650
652958302
653017121
653050516
653214273
653541081
653577621
654003750
654008741
654038765
654047193
654102748
654109173
654220796
654221287
654222398
654384342
654550643
654636100
654697581
654769909
654838907
654883730
654944787
655012330
655028969
655100343
655270757
655358254
655453362
655497807
655698905
655712301
655719669
655730912
655830487
655831849
656539698
656546283
656722869
656894834
656931885
657089942
657105599
657123750
657138092
657469251
657748307
657874158
657908804
657912698
658007177
658035487
658446079
658479131
658751191
658859164
658888563
658964922
659000788
659066060
659067045
659098880
659155886
659383779
659873078
659927790
659976102
660405040
660596162
660620546
660647419
660686403
660875682
661169049
661192368
661196698
661311177
661423467
661427190
661527570
661696197
661747098
661989253
662133850
662208991
662416477
662424873
662457567
662591301
662631993
662723799
662821112
662917754
663019108
663058236
663163290
663315543
663393378
663411109
663484563
663523597
663539651
663694392
663715447
663791358
664033160
664074215
664100731
664139420
664341185
664534161
664570727
664611237
664661658
664700681
664736470
664881382
665326158
665408192
665479993
665531122
665558542
665673494
665781201
665875759
665890288
666016692
666237628
666259968
666268897
666296319
666497408
666500685
666535968
666536572
666715315
666735376
666815169
666890207
666900873
666963517
667041277
667052304
667198330
667240909
667433443
667627423
667641075
667765357
667795221
667844538
667905712
668113948
668129712
668235550
668518379
668527977
668565492
668599470
668601014
668608342
669202330
669225066
669377206
669444287
669650351
669706849
669719864
669734478
669739265
669932091
669994190
670132261
670143802
670211613
670276785
670353820
670456284
670541018
670657332
670743298
670799347
670837990
671034311
671061469
671104940
671182993
671207463
671276724
671568584
671626704
671628222
671709442
671813650
671961814
672122167
672127620
672142653
672200550
672215138
672239501
672247708
672523772
672530396
672587441
672753440
672935585
673141717
673252213
673261889
673343702
673445536
673628054
673645917
673853762
673876992
673950727
674004180
674023934
674126559
674183632
674359315
674442522
674494449
674591598
674638116
675062961
675271889
675294946
675295609
675317636
675371220
675372141
675472000
675596577
675700521
675840983
675907610
675923699
676019627
676203542
676235878
676267353
676390555
676552747
676652811
676710603
676858424
677062226
677279125
677340840
677390909
677395789
677408633
677500243
677577845
677590507
677594032
677636131
677800544
677992903
678098134
678118143
678223201
678617153
678676668
678773055
678779534
679006520
679041464
679170656
679172443
679381285
679477459
679558516
679591708
679592622
679611904
679835951
679941446
680025257
680036564
680078265
680288639
680320494
680349732
680354193
680357213
680367645
680427496
680489460
680572720
680690348
680788279
680815689
681064547
681087068
681183482
681199221
681318574
681529297
681649899
681653588
681717270
681864377
681991885
682006234
682304316
682389466
682419125
682504340
682513700
682739061
682879506
682897386
682903271
683001155
683037866
683039677
683481965
683544101
684147756
684394766
684469879
684666524
684673806
684686565
684687927
684801167
684853709
684892289
684907303
685279448
685379197
685394547
685410848
685444073
685466437
685677642
685831181
685860176
685913898
686283710
686358801
686407729
686421421
686479417
686670893
686882582
687011484
687056654
687207455
687293749
687357892
687437571
687555831
687622658
687631300
687782855
687799517
687879679
688421355
688443824
688630796
688822984
688880013
688891177
689087009
689105988
689160500
689210730
689228317
689598615
689794521
689905761
689922155
690065908
690175335
690518031
690737386
690811088
690821122
690870377
690931622
690943896
691008039
691035516
691154703
691161216
691315495
691409393
691418559
691555259
691581661
691661263
691737206
691818331
691848620
692554438
692654040
692673148
692742967
692759510
692767042
692823723
692982757
693043174
693076376
693099437
693133132
693145857
693347909
693391505
693593952
693774171
693853933
693924077
693950542
694120605
694143626
694227678
694272460
694483710
694731755
694743557
694788677
695050167
695211464
695473168
695745957
695799530
695953017
696453071
696505106
696627165
696680716
696883045
696918219
696931719
697231461
697509373
697657810
697668566
697702683
697774386
697877713
697904440
697933329
698188669
698279712
698332300
698339250
698356161
698356989
698649877
698675136
698696773
698873553
699588629
699869344
700046992
700126939
700432062
700434293
700658051
700720683
700755734
701076888
701211468
701447158
701684096
701999238
702001926
702445234
702450826
702496019
702518972
702763125
702810406
702916313
703096052
703129850
703159205
703465293
703740406
703978581
703980693
704011503
704333762
704645848
704824902
704889114
705038116
705045499
705054201
705231804
705267375
705285806
705338679
705381777
705508849
705527037
705960587
705997407
706125703
706194415
706419498
706606834
706640683
706708839
706796874
706853823
706867027
706882214
707089075
707096128
707285305
707366236
707415812
707425138
707539566
707563869
707574047
707685683
707788725
707847845
707856509
707859886
708226127
708509861
708710124
708723485
708874619
708943470
709030736
709239931
709297106
709345983
709429205
709560230
709734732
709762037
709988005
710029064
710142067
710371865
710513944
710669967
710944824
710972280
711101056
711113889
711207343
711302867
711306731
711389908
711487895
711755447
711979546
712337266
712498671
712547470
712578038
712955100
712988722
712997655
713011478
713250623
713342236
713394280
713441946
713517058
713617008
713682109
713737914
713777275
713998959
714237234
714303663
714314897
714323321
714349828
714436283
714475767
714639453
714724769
714738553
714745359
715381069
715723383
715868710
716099625
716140267
716410233
716614608
716769886
716864635
716951909
716989935
717178479
717219697
717396417
717398514
717490228
717496420
717596087
718050730
718072694
718132690
718134838
718211287
718231680
718306087
718316967
718368473
718414566
718517571
718730114
718776560
718786547
718850087
719267916
719482372
719690041
719914631
719973977
720089349
720102104
720292692
720399345
720746419
720807350
720820759
720850666
720918794
720960553
720984719
720994524
721053400
721085408
721096362
721219681
721244206
721424218
721433047
721501003
721673209
722111191
722154715
722254554
722376320
722385479
722417887
722522810
722844794
722919028
723043160
723065791
723103491
723336773
723505689
723551233
723792934
723866691
723965624
724428080
724579554
724609482
724815448
724960322
725163103
725171528
725231341
725348762
725576866
725612899
725697566
725777633
726037940
726098343
726099548
726189098
726351125
726526942
726545441
726604377
726609323
726624030
726805878
726865294
727043393
727076049
727145372
727224247
727323106
727369225
727412804
727578869
727910036
727991538
728105333
728361668
728440567
728442989
728480210
728642977
728663349
728766082
728870178
728872288
728903969
728931067
729157243
729186824
729214626
729432468
729624045
729733435
730221499
730269239
730330270
730354490
730557728
730725763
730810239
730837519
730863476
730894332
730940859
730967292
730995560
731088437
731111155
731124635
731485036
731549594
731662888
732087279
732183155
732253139
732412316
732511871
732585524
732650234
733011158
733028090
733039705
733110632
733210674
733235270
733499590
733544704
733683200
733861425
733892461
734018740
734025046
734159075
734244444
734303765
734404095
734422437
734577252
734677281
734678866
734694883
734962795
735130341
735356508
735392065
735402181
735858683
736072242
736186876
736282809
736440531
736546227
736930986
737142783
737147318
737188525
737284910
737336285
737372166
737912840
737928065
737944758
737966250
738380052
738552655
738922201
739093613
739139766
739206534
739360737
739534777
739757669
739940439
740185165
740349631
740524916
740564138
740596934
740655399
740715163
740733694
740835607
740839393
740942460
740984283
741444847
741632371
741715210
741722977
741898873
741905809
741959562
742222931
742246650
742260534
742317905
742536567
742642573
742700514
742824784
742950604
743043724
743133884
743616871
743760674
744106246
744284229
744427415
744482470
744513282
744864676
744897279
745016885
745214852
745401337
745457586
745726495
746209186
746238607
746251640
746273900
746355227
746706229
746765957
746900658
747006034
747008982
747031595
747075546
747080775
747258471
747260784
747279247
747390579
747736807
747935513
747961165
748068575
748176973
748221706
748305484
748477552
748890646
748951173
749032197
749040570
749275146
749373792
749744666
749948786
750173568
750215833
750226943
750342530
750381849
750511254
750580177
750662631
750668614
750723551
750920638
750971046
750983844
751031469
751432967
751501588
751638627
751646503
751755330
751789470
751822876
752141612
752282340
752298429
752839185
753068616
753088856
753412958
753894482
753930939
754017255
754173784
754312449
754331302
754347675
754539846
754850590
755043203
755172855
755182891
755272235
755307433
755336426
755381645
755419284
755438794
755608319
755696321
755921715
755940403
756076767
756137526
756210454
756431176
756466420
756513920
756571946
756618716
756691583
756736573
756815254
757252314
757391056
757468279
757506656
757846171
758415808
758586945
758757132
758847142
759170318
759207716
759303799
759323090
759329502
759338735
759547818
759680398
760258422
760438897
760478431
760608170
760634791
760728463
760774218
760801434
761517867
761707295
761764397
761790540
761862040
761873207
762031668
762104831
762359963
762414386
762415661
762418127
762418795
762439731
762569224
762742667
762843228
763250580
763374059
763410381
763418366
763714050
763745512
763750207
763865918
764043329
764167228
764178970
764223587
764236597
764299930
764300159
764342204
764524864
764535387
764570448
764577312
764642695
764670951
764679090
764755282
764772407
764796342
764999174
765084046
765160922
765192529
765201989
765207610
765247308
765346198
765408767
765739691
765781133
765827959
765941353
766109528
766166668
766175071
766559332
766707883
766733653
766748699
766840297
766884145
767431557
767715891
767723503
768070088
768278204
768279334
768519853
768640265
768726759
768732042
768753520
768911788
769067639
769122351
769143232
769325325
769340023
769480022
769492507
769570693
769589686
769688830
769873538
769922465
770077380
770150772
770232585
770255106
770561245
770691398
770702933
770714538
771061053
771457000
771760694
771959862
772101957
772125038
772266004
772472861
772515173
772633231
772715859
772897640
773269915
773357404
773361954
773371011
773387636
773896461
773915067
773927611
773950550
774429487
774568475
774815467
774901251
774919770
774928690
774977418
775174027
775234704
775394169
775646306
775730108
775738166
775745875
775757365
775761084
775880192
776599445
776858230
776892272
776939402
777017165
777101999
777197419
777215814
777258231
777566792
777820227
777882763
777897809
777969732
778654325
778966787
779126154
779210615
779319150
779366867
779388403
779591394
779603109
779652835
779675333
779790190
779792443
779901691
780105320
780588076
780920384
781123190
781213559
781310876
781394863
781588764
781620301
781697756
781941943
782046892
782149204
782307157
782320248
782534871
782585022
782598442
782603645
782710282
782911021
783178563
783188663
783215957
783470283
783482530
783572570
783705254
783902430
783975601
784059682
784094921
784545497
784642952
784878911
784940851
784988574
785027078
785051506
785217139
785347114
785426604
785562811
785702234
785733893
785734976
785760719
785775617
785946476
785982245
786003958
786139674
786337590
786488841
786553123
786824225
786862107
786873073
786902553
787150264
787151877
787175972
787214867
787264381
787410209
787476072
787571572
787947233
787991926
788049837
788187400
788196829
788594263
788638895
788791161
788830465
788908406
788962266
789385341
789388558
789501452
789789379
790090066
790312686
790327776
790349469
790437826
790703030
790788845
790871987
790954190
790972091
791182364
791259008
791311899
791412886
791457980
791717792
791908444
791936558
791985551
792540884
792598859
792672948
792768678
792897496
793133476
793142797
793526694
793852867
793887659
794128442
794225095
794428489
794449945
794684408
794693181
794733048
794735828
794746931
794891652
794934210
794991937
795000250
795373704
795541487
795619093
795816785
795826842
796030754
796169717
796331835
796387346
796653320
796682214
796765615
796916093
796918163
796936470
796941415
797232342
797303139
797323500
797458697
797541796
797569125
797653512
797831370
798014422
798161451
798321441
798347660
798353502
798435257
798476289
798559783
799038541
799109694
799213256
799332529
799398884
799779328
799974021
800054736
800115231
800234884
800309899
800518808
800884846
801019648
801055985
801297411
801397079
801422829
801594136
801611287
801657360
801826483
801852698
801927950
802123441
802164730
802323068
802344026
802548443
802576557
802645637
802767428
802820746
802832852
803061719
803106698
803391974
803396936
803599335
803894568
803979586
803981337
804026458
804350181
804442765
804549310
804630725
804706161
804726891
804760550
804771932
804939524
805049445
805143032
805512991
805535080
805537438
805562156
805695980
805722975
805801684
806073206
806490283
806515184
806627040
806661828
806780774
806786339
807132256
807174635
807235688
807317965
807367573
807928429
808079973
808190939
808201294
808236217
808293891
808333898
808336436
808395904
808457145
808729405
808788656
808934220
808986095
809021258
809187922
809195214
809220502
809237751
809254127
809464275
809487361
809583275
809818736
809881153
810031590
810034468
810120070
810687836
810932861
811038164
811221946
811349029
811430313
811442643
811476480
811519141
811525120
811569314
811574678
811671559
811697013
811699119
811769749
811799802
811868196
811873432
811885320
811943130
811996238
812254948
812574509
812674328
812719029
812876523
813072082
813079576
813204218
813243231
813345565
813473410
813565833
813605984
813614408
813670537
813673068
813816928
813961397
814179227
814259179
814369300
814589611
814723312
814739318
814871398
814946863
814968802
815060332
815309212
815368562
815393952
815482957
815616602
815736390
815803896
815985259
816047078
816347738
816439534
816524410
816638679
816756501
816771248
816778700
816813233
816869753
816984748
817052159
817059546
817617494
817634912
817677409
817737560
818013723
818323936
818569537
818609996
818814190
818825632
818830491
818865683
818931855
819155144
819280138
819408511
819420299
819501632
819622523
819633285
819657787
819680835
819774316
819797201
820004229
820059072
820174101
820235576
820259918
820292792
820297392
820356878
820506292
820525287
820530412
820555944
820708722
820835594
821006709
821044491
821079887
821108917
821125675
821166244
821449910
821576656
821622409
821716214
821770133
821893461
822005846
822094029
822167594
822279795
822495090
822538184
822551793
822657702
822827385
822940913
823178322
823638210
823825185
824016489
824076414
824083752
824152070
824335740
824363906
824456379
824661414
824727006
824733223
825121827
825135277
825366680
825396582
825454298
825674761
825831057
826111103
826280971
826364748
826888380
827071072
827241197
827245819
827408235
827687852
827818422
827999737
828000294
828191452
828206614
828383847
828393742
828467149
828773908
828835090
829121396
829232526
829252824
829317539
829371613
829379998
829440514
829525232
830079782
830479628
830633667
830653913
830716256
830854043
830879698
830887331
831027113
831052318
831111121
831201013
831318481
831339664
831547666
831587190
831770671
831784434
831851061
831989324
832032240
832039838
832064001
832239474
832428227
832471783
832561245
832690692
832912433
833025656
833089439
833100650
833258780
833493495
833899664
833976417
834068130
834137804
834294350
834467361
834539826
835025716
835086610
835265140
835894717
836020094
836297520
836406773
836413010
836470068
836602707
836636504
836706801
836880490
836975639
837017895
837068056
837163027
837181662
837276487
837305630
837310513
837526686
837798604
837909972
838087603
838106491
838333192
838357617
838385847
838622890
838649329
838663384
838841226
839153278
839240594
839382545
839404971
839495345
839886593
839919186
839925785
839980468
839998063
840074284
840079371
840172253
840402733
840439817
840443197
840882908
840914907
840956596
840987840
841056449
841200921
841301591
841374887
841504551
841635479
841650172
841709713
841914089
842062414
842104379
842145095
842301990
842313316
842449574
842584142
842712358
842826276
842912230
843077115
843222042
843359018
843498105
843556870
843651146
843831558
844001905
844059675
844072286
844302372
844333794
844372109
844389223
844390621
844798735
844900693
845026040
845167473
845180258
845183385
845309943
845397545
845502792
845535425
845547759
845559605
845632667
845743088
845794465
845827525
845995610
846209923
846363129
846402132
846493223
846497668
846635711
846705693
846840004
846961830
846989579
847253073
847337970
847359822
847632453
847703591
847712291
847910649
848241121
848249690
848305478
848318665
848372699
848401964
848407173
848436922
848452855
848505134
848647210
848698626
848981508
849244943
849553051
850019710
850040734
850052919
850156946
850415241
850494135
850601414
850904608
851116400
851173223
851230838
851286797
851340378
851349873
851355929
851501001
851732946
851976049
852009696
852444698
852487208
852524225
852667558
852672748
852962781
853024437
853140423
853331211
853363740
853370955
853384796
853484631
853601038
853672920
853760915
853884610
853929742
854111072
854143358
854161018
854406940
854413654
854425238
854458667
854609667
854923468
855108513
855194708
855418375
855498794
855525387
855549710
855812960
855958220
855976425
856052736
856136361
856237507
856558187
856607792
856617128
856746177
856750323
856951979
857157299
857482249
857655258
857836157
857898368
857906603
857922321
857986685
858127777
858184025
858464878
858678227
858812786
859086922
859141240
859168945
859170154
859264056
859326770
859332599
859341886
859406764
859436907
859477400
859524360
859549708
859625800
859649149
859953698
859997165
860235960
860272892
860361206
860476419
860513398
860770591
860790168
860815239
860826165
860926107
861134884
861174469
861209188
861273471
861462249
861701800
861707747
861776427
862012346
862198099
862580720
862609828
862744754
862852223
863111529
863371986
863677187
863754430
863760211
863786884
863908462
864054472
864197937
864798228
864805511
864817284
864844198
864932053
864969273
865386807
865450321
865495582
865866768
865895853
865979506
866020770
866022177
866087794
866088440
866137519
866190416
866458527
866473771
866639013
866654549
866738468
866813596
866837876
866892865
866984061
867009863
867014829
867022870
867247281
867575506
867765349
867886230
867932519
867956078
868101371
868109951
868241844
868250923
868315922
868693655
868910315
869014415
869043146
869210705
869685732
869726997
869751082
869952045
869986289
870207464
870210659
870384422
870612211
870616501
870632597
871520311
871694509
871862332
871947411
871959832
872228403
872294942
872391719
872617118
872742483
872753700
872849502
872860636
872950920
872966167
873342334
873499479
873536117
873765059
873769778
873818225
873987828
874161531
874199719
874300196
874351485
874524572
874773601
874923546
875002164
875038214
875053075
875107467
875214114
875284499
875339781
875412861
875432353
875523600
875600112
875616541
875812177
875862986
875925256
875975602
876043547
876229141
876350643
876370469
876434685
876582641
876609768
876877658
876986122
877199145
877210589
877268868
877387742
877522746
877569311
877821664
877909204
878556232
878567934
878688456
878786039
878811555
878949140
879163735
879204206
879421303
879476177
879501530
879525670
879580111
879790727
879857772
879928729
880512945
880770224
881076834
881131478
881189870
881426022
881445968
881539804
881614682
881668810
881838382
882054004
882238565
882267475
882422741
882611999
882669481
882772992
882958029
883171246
883444863
883477908
883577415
883593976
883682976
883688840
883754824
883888160
883932542
883939113
884190452
884207006
884354628
884538509
884752708
884792615
884850693
885254391
885314916
885555857
885779327
885855012
885956895
885964239
885985799
886053804
886093913
886116564
886200764
886621218
886732186
886836513
887145742
887274542
887338846
887358183
887403848
887469639
887765309
887797882
888028249
888194690
888245200
888276581
888299351
888512202
888585184
888662655
888709299
889184039
889184325
889214463
889399207
889428063
889641301
890101823
890188036
890219428
890222132
890291628
890302993
890354434
890470680
890534590
890613275
890732281
890775858
890954263
890988141
890990096
891404394
891588747
891657761
891726883
891757331
891789826
891889305
891941773
892159629
892163468
892226837
892413931
892503781
892579189
892715191
893018988
893809068
893817242
893860707
893862473
894269778
894419215
894497457
894563896
894829373
894855898
894915909
895318012
895520627
895566982
895585162
895713218
896374260
896857653
896938421
897109736
897353124
897894587
897897405
898554234
898640655
898652501
898735904
898757987
898794625
898824761
898919257
898925952
898972259
899059852
899253309
899379336
899407706
899512795
899540989
899733899
899884178
